1758047716488 2.0 10
1758047718728 4.0 20
1758047721053 6.0 30
1758047723597 8.0 40
1758047725834 10.0 50
1758047728075 12.0 60
1758047730311 14.0 70
1758047732533 16.0 80
1758047735179 18.0 90
1758047737418 20.0 100
1758047739680 22.0 110
1758047741934 24.0 120
1758047744177 26.0 130
1758047746792 28.0 140
1758047749046 30.0 150
1758047751305 32.0 160
1758047753570 34.0 170
1758047755811 36.0 180
1758047758268 38.0 190
1758047760687 40.0 200
1758047762938 42.0 210
1758047765244 44.0 220
1758047767495 46.0 230
1758047769913 48.0 240
1758047772394 50.0 250
1758047774649 52.0 260
1758047776919 54.0 270
1758047779161 56.0 280
1758047781463 58.0 290
1758047784049 60.0 300
1758047786328 62.0 310
1758047788566 64.0 320
1758047790812 66.0 330
1758047793037 68.0 340
1758047795658 70.0 350
1758047797897 72.0 360
1758047800127 74.0 370
1758047802354 76.0 380
1758047804597 78.0 390
1758047807111 80.0 400
1758047809494 82.0 410
1758047811737 84.0 420
1758047813971 86.0 430
1758047816188 88.0 440
1758047818572 90.0 450
1758047821027 92.0 460
1758047823258 94.0 470
1758047825478 96.0 480
1758047827701 98.0 490
1758047829925 100.0 500
1758047832569 102.0 510
1758047834793 104.0 520
1758047837023 106.0 530
1758047839243 108.0 540
1758047841469 110.0 550
1758047844102 112.0 560
1758047846348 114.0 570
1758047848584 116.0 580
1758047850830 118.0 590
1758047853077 120.0 600
1758047855567 122.0 610
1758047857991 124.0 620
1758047860251 126.0 630
1758047862499 128.0 640
1758047864751 130.0 650
1758047867138 132.0 660
1758047869623 134.0 670
1758047871865 136.0 680
1758047874104 138.0 690
1758047876360 140.0 700
1758047878626 142.0 710
1758047881271 144.0 720
1758047883508 146.0 730
1758047885788 148.0 740
1758047888018 150.0 750
1758047890253 152.0 760
1758047892870 154.0 770
1758047895109 156.0 780
1758047897331 158.0 790
1758047899538 160.0 800
1758047899554 160.0 800
