1758047716488 61.19744873046875 10
1758047718728 426.7679748535156 20
1758047721053 147.5680389404297 30
1758047723597 200.3538055419922 40
1758047725834 180.63690185546875 50
1758047728075 105.05929565429688 60
1758047730311 51.48127746582031 70
1758047732533 57.52254867553711 80
1758047735179 54.822662353515625 90
1758047737418 56.24000549316406 100
1758047739680 109.59153747558594 110
1758047741934 92.4103012084961 120
1758047744177 34.33943176269531 130
1758047746792 958.04443359375 140
1758047749046 49.73371124267578 150
1758047751305 54.220428466796875 160
1758047753570 55.88377380371094 170
1758047755811 48.66859817504883 180
1758047758268 49.37635803222656 190
1758047760687 304.3951110839844 200
1758047762938 57.681304931640625 210
1758047765244 135.1983642578125 220
1758047767495 86.75851440429688 230
1758047769913 38.742794036865234 240
1758047772394 178.90914916992188 250
1758047774649 264.5910949707031 260
1758047776919 188.73992919921875 270
1758047779161 90.49236297607422 280
1758047781463 83.00907135009766 290
1758047784049 48.82199478149414 300
1758047786328 96.51283264160156 310
1758047788566 54.329158782958984 320
1758047790812 55.949623107910156 330
1758047793037 52.02213668823242 340
1758047795658 61.54035186767578 350
1758047797897 54.181312561035156 360
1758047800127 56.83296585083008 370
1758047802354 78.2046890258789 380
1758047804597 57.537662506103516 390
1758047807111 77.29765319824219 400
1758047809494 64.76387786865234 410
1758047811737 58.16604232788086 420
1758047813971 57.37604522705078 430
1758047816188 54.28352355957031 440
1758047818572 57.19105529785156 450
1758047821027 92.71664428710938 460
1758047823258 1714.088623046875 470
1758047825478 53.84536361694336 480
1758047827701 55.68626022338867 490
1758047829925 63.606475830078125 500
1758047832569 62.87971115112305 510
1758047834793 89.1016616821289 520
1758047837023 162.36758422851562 530
1758047839243 52.977821350097656 540
1758047841469 113.72853088378906 550
1758047844102 37.35432815551758 560
1758047846348 148.6024169921875 570
1758047848584 54.182640075683594 580
1758047850830 58.87598419189453 590
1758047853077 50.915069580078125 600
1758047855567 55.44882583618164 610
1758047857991 52.06269073486328 620
1758047860251 55.434295654296875 630
1758047862499 39.94237518310547 640
1758047864751 46.682777404785156 650
1758047867138 55.45079040527344 660
1758047869623 50.9715461730957 670
1758047871865 46.503448486328125 680
1758047874104 77.47571563720703 690
1758047876360 57.80405044555664 700
1758047878626 51.64373016357422 710
1758047881271 24.593475341796875 720
1758047883508 51.556671142578125 730
1758047885788 93.95832824707031 740
1758047888018 50.92112350463867 750
1758047890253 43.565101623535156 760
1758047892870 37.01596450805664 770
1758047895109 51.507877349853516 780
1758047897331 51.64939498901367 790
1758047899538 53.51814651489258 800
