1758047716488 2.9662500000000003e-05 10
1758047718728 2.92875e-05 20
1758047721053 2.89125e-05 30
1758047723597 2.8537500000000002e-05 40
1758047725834 2.81625e-05 50
1758047728075 2.77875e-05 60
1758047730311 2.74125e-05 70
1758047732533 2.70375e-05 80
1758047735179 2.66625e-05 90
1758047737418 2.62875e-05 100
1758047739680 2.59125e-05 110
1758047741934 2.55375e-05 120
1758047744177 2.5162500000000002e-05 130
1758047746792 2.4787500000000003e-05 140
1758047749046 2.44125e-05 150
1758047751305 2.40375e-05 160
1758047753570 2.36625e-05 170
1758047755811 2.32875e-05 180
1758047758268 2.29125e-05 190
1758047760687 2.25375e-05 200
1758047762938 2.21625e-05 210
1758047765244 2.1787499999999998e-05 220
1758047767495 2.1412500000000002e-05 230
1758047769913 2.1037500000000003e-05 240
1758047772394 2.06625e-05 250
1758047774649 2.0287500000000002e-05 260
1758047776919 1.99125e-05 270
1758047779161 1.95375e-05 280
1758047781463 1.91625e-05 290
1758047784049 1.87875e-05 300
1758047786328 1.84125e-05 310
1758047788566 1.8037499999999998e-05 320
1758047790812 1.76625e-05 330
1758047793037 1.72875e-05 340
1758047795658 1.69125e-05 350
1758047797897 1.6537500000000002e-05 360
1758047800127 1.61625e-05 370
1758047802354 1.57875e-05 380
1758047804597 1.5412500000000002e-05 390
1758047807111 1.50375e-05 400
1758047809494 1.46625e-05 410
1758047811737 1.42875e-05 420
1758047813971 1.3912500000000001e-05 430
1758047816188 1.35375e-05 440
1758047818572 1.31625e-05 450
1758047821027 1.27875e-05 460
1758047823258 1.24125e-05 470
1758047825478 1.20375e-05 480
1758047827701 1.16625e-05 490
1758047829925 1.12875e-05 500
1758047832569 1.0912500000000001e-05 510
1758047834793 1.05375e-05 520
1758047837023 1.01625e-05 530
1758047839243 9.787499999999999e-06 540
1758047841469 9.4125e-06 550
1758047844102 9.037500000000001e-06 560
1758047846348 8.6625e-06 570
1758047848584 8.2875e-06 580
1758047850830 7.9125e-06 590
1758047853077 7.537499999999999e-06 600
1758047855567 7.1625e-06 610
1758047857991 6.787500000000001e-06 620
1758047860251 6.4125e-06 630
1758047862499 6.0375e-06 640
1758047864751 5.6625e-06 650
1758047867138 5.2875e-06 660
1758047869623 4.9125e-06 670
1758047871865 4.5375e-06 680
1758047874104 4.1625e-06 690
1758047876360 3.7875e-06 700
1758047878626 3.4125000000000004e-06 710
1758047881271 3.0375e-06 720
1758047883508 2.6625e-06 730
1758047885788 2.2875e-06 740
1758047888018 1.9125e-06 750
1758047890253 1.5374999999999999e-06 760
1758047892870 1.1625e-06 770
1758047895109 7.875e-07 780
1758047897331 4.125e-07 790
1758047899538 3.7500000000000005e-08 800
