1758047716488 5.5431 10
1758047718728 5.133 20
1758047721053 3.2052 30
1758047723597 1.3238 40
1758047725834 1.0297 50
1758047728075 1.2604 60
1758047730311 0.961 70
1758047732533 0.7874 80
1758047735179 0.6283 90
1758047737418 0.6884 100
1758047739680 0.5941 110
1758047741934 0.7942 120
1758047744177 1.1694 130
1758047746792 0.8967 140
1758047749046 0.8204 150
1758047751305 0.6876 160
1758047753570 0.7336 170
1758047755811 0.7954 180
1758047758268 0.7538 190
1758047760687 0.5567 200
1758047762938 0.5319 210
1758047765244 0.5339 220
1758047767495 0.52 230
1758047769913 0.6823 240
1758047772394 1.0602 250
1758047774649 1.4271 260
1758047776919 0.8907 270
1758047779161 0.8805 280
1758047781463 0.7923 290
1758047784049 0.7349 300
1758047786328 0.6041 310
1758047788566 0.4718 320
1758047790812 0.5014 330
1758047793037 0.4808 340
1758047795658 0.5196 350
1758047797897 0.5554 360
1758047800127 0.5423 370
1758047802354 0.7449 380
1758047804597 0.644 390
1758047807111 0.5427 400
1758047809494 0.6045 410
1758047811737 0.5728 420
1758047813971 0.6291 430
1758047816188 0.6062 440
1758047818572 0.5771 450
1758047821027 0.636 460
1758047823258 0.5481 470
1758047825478 0.5032 480
1758047827701 0.5514 490
1758047829925 0.503 500
1758047832569 0.57 510
1758047834793 0.4836 520
1758047837023 0.4883 530
1758047839243 0.4673 540
1758047841469 0.4498 550
1758047844102 0.4483 560
1758047846348 0.4838 570
1758047848584 0.4281 580
1758047850830 0.4315 590
1758047853077 0.3952 600
1758047855567 0.4221 610
1758047857991 0.4208 620
1758047860251 0.4187 630
1758047862499 0.3981 640
1758047864751 0.3961 650
1758047867138 0.3568 660
1758047869623 0.4157 670
1758047871865 0.4066 680
1758047874104 0.3816 690
1758047876360 0.369 700
1758047878626 0.3981 710
1758047881271 0.3725 720
1758047883508 0.3732 730
1758047885788 0.3431 740
1758047888018 0.3705 750
1758047890253 0.3823 760
1758047892870 0.3437 770
1758047895109 0.3719 780
1758047897331 0.3748 790
1758047899538 0.3355 800
