1758045265335 5.0 10
1758045274504 10.0 20
1758045283672 15.0 30
1758045292822 20.0 40
1758045429536 5.0 10
1758045438643 10.0 20
1758045447768 15.0 30
1758045457037 20.0 40
1758045465952 25.0 50
1758045475548 30.0 60
1758045484681 35.0 70
1758045493789 40.0 80
1758045502638 45.0 90
1758045511777 50.0 100
1758045520929 55.0 110
1758045530067 60.0 120
1758045530083 60.0 120
1758046151665 2.0 10
1758046154314 4.0 20
1758046156570 6.0 30
1758046158829 8.0 40
1758046161079 10.0 50
1758046163327 12.0 60
1758046165904 14.0 70
1758046168232 16.0 80
1758046170474 18.0 90
1758046172730 20.0 100
1758046174967 22.0 110
1758046177411 24.0 120
1758046179861 26.0 130
1758046182112 28.0 140
1758046184367 30.0 150
1758046186628 32.0 160
1758046188977 34.0 170
1758046191517 36.0 180
1758046193771 38.0 190
1758046196010 40.0 200
1758046198300 42.0 210
1758046200619 44.0 220
1758046203252 46.0 230
1758046205515 48.0 240
1758046207784 50.0 250
1758046210028 52.0 260
1758046212276 54.0 270
1758046214940 56.0 280
1758046217213 58.0 290
1758046219463 60.0 300
1758046221724 62.0 310
1758046223994 64.0 320
1758046226633 66.0 330
1758046228920 68.0 340
1758046231176 70.0 350
1758046233423 72.0 360
1758046235707 74.0 370
1758046238256 76.0 380
1758046240628 78.0 390
1758046242888 80.0 400
1758046245151 82.0 410
1758046247418 84.0 420
1758046249881 86.0 430
1758046252364 88.0 440
1758046254633 90.0 450
1758046256872 92.0 460
1758046259153 94.0 470
1758046261549 96.0 480
1758046264073 98.0 490
1758046266327 100.0 500
1758046268592 102.0 510
1758046270888 104.0 520
1758046273176 106.0 530
1758046275794 108.0 540
1758046278064 110.0 550
1758046280355 112.0 560
1758046282635 114.0 570
1758046284969 116.0 580
1758046287686 118.0 590
1758046289955 120.0 600
1758046292250 122.0 610
1758046294522 124.0 620
1758046296793 126.0 630
1758046299459 128.0 640
1758046301730 130.0 650
1758046303978 132.0 660
1758046306256 134.0 670
1758046308520 136.0 680
1758046311090 138.0 690
1758046313456 140.0 700
1758046315722 142.0 710
1758046318001 144.0 720
1758046320265 146.0 730
1758046322747 148.0 740
1758046325204 150.0 750
1758046327470 152.0 760
1758046329738 154.0 770
1758046331992 156.0 780
1758046334423 158.0 790
1758046336943 160.0 800
1758046336961 160.0 800
1758046793503 2.0 10
1758046795769 4.0 20
1758046798042 6.0 30
1758046800350 8.0 40
1758046803030 10.0 50
1758046805323 12.0 60
1758046807586 14.0 70
1758046809848 16.0 80
1758046812120 18.0 90
1758046814745 20.0 100
1758046817022 22.0 110
1758046819306 24.0 120
1758046821618 26.0 130
