1758045265335 94.45338439941406 10
1758045274504 391.1390686035156 20
1758045283672 75.9090805053711 30
1758045292822 118.79845428466797 40
1758045429536 39.50281524658203 10
1758045438643 48.794647216796875 20
1758045447768 32.66859817504883 30
1758045457037 50.34893798828125 40
1758045465952 73.47763061523438 50
1758045475548 29.411863327026367 60
1758045484681 51.45536804199219 70
1758045493789 47.05447006225586 80
1758045502638 47.51106643676758 90
1758045511777 42.55247497558594 100
1758045520929 24.988243103027344 110
1758045530067 49.04277420043945 120
1758046151665 52.64825439453125 10
1758046154314 53.852088928222656 20
1758046156570 93.90265655517578 30
1758046158829 72.91020202636719 40
1758046161079 74.51721954345703 50
1758046163327 121.27942657470703 60
1758046165904 57.10869598388672 70
1758046168232 98.96490478515625 80
1758046170474 129.5475311279297 90
1758046172730 60.798301696777344 100
1758046174967 90.24597930908203 110
1758046177411 267.99285888671875 120
1758046179861 52.03582763671875 130
1758046182112 65.9664306640625 140
1758046184367 213.08360290527344 150
1758046186628 79.48518371582031 160
1758046188977 83.29379272460938 170
1758046191517 121.30770874023438 180
1758046193771 74.18135833740234 190
1758046196010 113.29618835449219 200
1758046198300 57.21965408325195 210
1758046200619 62.40886306762695 220
1758046203252 71.50613403320312 230
1758046205515 162.3686981201172 240
1758046207784 68.45884704589844 250
1758046210028 129.01162719726562 260
1758046212276 110.19526672363281 270
1758046214940 93.31043243408203 280
1758046217213 129.86680603027344 290
1758046219463 57.57605743408203 300
1758046221724 147.16954040527344 310
1758046223994 58.438297271728516 320
1758046226633 134.96282958984375 330
1758046228920 75.03291320800781 340
1758046231176 100.35051727294922 350
1758046233423 49.26240539550781 360
1758046235707 138.05682373046875 370
1758046238256 54.632476806640625 380
1758046240628 135.85357666015625 390
1758046242888 63.710811614990234 400
1758046245151 83.033935546875 410
1758046247418 54.4588737487793 420
1758046249881 61.42873001098633 430
1758046252364 57.8689079284668 440
1758046254633 47.567806243896484 450
1758046256872 78.06558990478516 460
1758046259153 230.8428955078125 470
1758046261549 62.954769134521484 480
1758046264073 81.29598999023438 490
1758046266327 46.76357650756836 500
1758046268592 115.4959487915039 510
1758046270888 36.518104553222656 520
1758046273176 53.21701431274414 530
1758046275794 40.87171173095703 540
1758046278064 67.806396484375 550
1758046280355 222.605712890625 560
1758046282635 113.9949722290039 570
1758046284969 71.91407012939453 580
1758046287686 73.12107849121094 590
1758046289955 53.94224166870117 600
1758046292250 121.36539459228516 610
1758046294522 134.10723876953125 620
1758046296793 124.42877960205078 630
1758046299459 66.17283630371094 640
1758046301730 232.9583740234375 650
1758046303978 135.2057342529297 660
1758046306256 142.005859375 670
1758046308520 118.2955551147461 680
1758046311090 47.74032211303711 690
1758046313456 71.56266021728516 700
1758046315722 54.142051696777344 710
1758046318001 121.6993408203125 720
1758046320265 133.87562561035156 730
1758046322747 79.3768081665039 740
1758046325204 138.2857208251953 750
1758046327470 62.40314865112305 760
1758046329738 60.631500244140625 770
1758046331992 137.52244567871094 780
1758046334423 62.756629943847656 790
1758046336943 36.7222900390625 800
1758046793503 inf 10
1758046795769 69.72938537597656 20
1758046798042 76.37948608398438 30
1758046800350 67.72549438476562 40
1758046803030 65.62864685058594 50
1758046805323 141.6525115966797 60
1758046807586 60.79522705078125 70
1758046809848 42.42906951904297 80
1758046812120 52.50105285644531 90
1758046814745 66.53987121582031 100
1758046817022 38.0011100769043 110
1758046819306 240.21905517578125 120
1758046821618 106.9399185180664 130
