1758045265335 0.00027749999999999997 10
1758045274504 0.00025249999999999996 20
1758045283672 0.00022749999999999997 30
1758045292822 0.0002025 40
1758045429536 2.7750000000000004e-05 10
1758045438643 2.525e-05 20
1758045447768 2.275e-05 30
1758045457037 2.025e-05 40
1758045465952 1.775e-05 50
1758045475548 1.525e-05 60
1758045484681 1.275e-05 70
1758045493789 1.025e-05 80
1758045502638 7.75e-06 90
1758045511777 5.25e-06 100
1758045520929 2.75e-06 110
1758045530067 2.5e-07 120
1758046151665 2.9662500000000003e-05 10
1758046154314 2.92875e-05 20
1758046156570 2.89125e-05 30
1758046158829 2.8537500000000002e-05 40
1758046161079 2.81625e-05 50
1758046163327 2.77875e-05 60
1758046165904 2.74125e-05 70
1758046168232 2.70375e-05 80
1758046170474 2.66625e-05 90
1758046172730 2.62875e-05 100
1758046174967 2.59125e-05 110
1758046177411 2.55375e-05 120
1758046179861 2.5162500000000002e-05 130
1758046182112 2.4787500000000003e-05 140
1758046184367 2.44125e-05 150
1758046186628 2.40375e-05 160
1758046188977 2.36625e-05 170
1758046191517 2.32875e-05 180
1758046193771 2.29125e-05 190
1758046196010 2.25375e-05 200
1758046198300 2.21625e-05 210
1758046200619 2.1787499999999998e-05 220
1758046203252 2.1412500000000002e-05 230
1758046205515 2.1037500000000003e-05 240
1758046207784 2.06625e-05 250
1758046210028 2.0287500000000002e-05 260
1758046212276 1.99125e-05 270
1758046214940 1.95375e-05 280
1758046217213 1.91625e-05 290
1758046219463 1.87875e-05 300
1758046221724 1.84125e-05 310
1758046223994 1.8037499999999998e-05 320
1758046226633 1.76625e-05 330
1758046228920 1.72875e-05 340
1758046231176 1.69125e-05 350
1758046233423 1.6537500000000002e-05 360
1758046235707 1.61625e-05 370
1758046238256 1.57875e-05 380
1758046240628 1.5412500000000002e-05 390
1758046242888 1.50375e-05 400
1758046245151 1.46625e-05 410
1758046247418 1.42875e-05 420
1758046249881 1.3912500000000001e-05 430
1758046252364 1.35375e-05 440
1758046254633 1.31625e-05 450
1758046256872 1.27875e-05 460
1758046259153 1.24125e-05 470
1758046261549 1.20375e-05 480
1758046264073 1.16625e-05 490
1758046266327 1.12875e-05 500
1758046268592 1.0912500000000001e-05 510
1758046270888 1.05375e-05 520
1758046273176 1.01625e-05 530
1758046275794 9.787499999999999e-06 540
1758046278064 9.4125e-06 550
1758046280355 9.037500000000001e-06 560
1758046282635 8.6625e-06 570
1758046284969 8.2875e-06 580
1758046287686 7.9125e-06 590
1758046289955 7.537499999999999e-06 600
1758046292250 7.1625e-06 610
1758046294522 6.787500000000001e-06 620
1758046296793 6.4125e-06 630
1758046299459 6.0375e-06 640
1758046301730 5.6625e-06 650
1758046303978 5.2875e-06 660
1758046306256 4.9125e-06 670
1758046308520 4.5375e-06 680
1758046311090 4.1625e-06 690
1758046313456 3.7875e-06 700
1758046315722 3.4125000000000004e-06 710
1758046318001 3.0375e-06 720
1758046320265 2.6625e-06 730
1758046322747 2.2875e-06 740
1758046325204 1.9125e-06 750
1758046327470 1.5374999999999999e-06 760
1758046329738 1.1625e-06 770
1758046331992 7.875e-07 780
1758046334423 4.125e-07 790
1758046336943 3.7500000000000005e-08 800
1758046793503 2.9662500000000003e-05 10
1758046795769 2.92875e-05 20
1758046798042 2.89125e-05 30
1758046800350 2.8537500000000002e-05 40
1758046803030 2.81625e-05 50
1758046805323 2.77875e-05 60
1758046807586 2.74125e-05 70
1758046809848 2.70375e-05 80
1758046812120 2.66625e-05 90
1758046814745 2.62875e-05 100
1758046817022 2.59125e-05 110
1758046819306 2.55375e-05 120
1758046821618 2.5162500000000002e-05 130
