1758045265335 1.5419 10
1758045274504 1.3725 20
1758045283672 1.3401 30
1758045292822 2.2968 40
1758045429536 1.1929 10
1758045438643 0.9556 20
1758045447768 0.7982 30
1758045457037 0.6438 40
1758045465952 0.5283 50
1758045475548 0.4564 60
1758045484681 0.4204 70
1758045493789 0.4196 80
1758045502638 0.4027 90
1758045511777 0.3897 100
1758045520929 0.3936 110
1758045530067 0.3685 120
1758046151665 1.7328 10
1758046154314 1.1778 20
1758046156570 0.9073 30
1758046158829 0.7889 40
1758046161079 0.7883 50
1758046163327 0.7172 60
1758046165904 0.8632 70
1758046168232 0.7879 80
1758046170474 0.6772 90
1758046172730 0.6443 100
1758046174967 0.5841 110
1758046177411 0.6304 120
1758046179861 0.6308 130
1758046182112 0.6042 140
1758046184367 0.5946 150
1758046186628 0.5741 160
1758046188977 0.5185 170
1758046191517 0.5077 180
1758046193771 0.4758 190
1758046196010 0.539 200
1758046198300 0.5623 210
1758046200619 0.5369 220
1758046203252 0.563 230
1758046205515 0.5625 240
1758046207784 0.6154 250
1758046210028 0.492 260
1758046212276 0.5244 270
1758046214940 0.6039 280
1758046217213 0.5415 290
1758046219463 0.4785 300
1758046221724 0.4894 310
1758046223994 0.4399 320
1758046226633 0.4409 330
1758046228920 0.4218 340
1758046231176 0.419 350
1758046233423 0.4667 360
1758046235707 0.402 370
1758046238256 0.4237 380
1758046240628 0.4014 390
1758046242888 0.3983 400
1758046245151 0.392 410
1758046247418 0.3717 420
1758046249881 0.3525 430
1758046252364 0.4137 440
1758046254633 0.381 450
1758046256872 0.3682 460
1758046259153 0.3437 470
1758046261549 0.3542 480
1758046264073 0.3657 490
1758046266327 0.3964 500
1758046268592 0.3248 510
1758046270888 0.3155 520
1758046273176 0.31 530
1758046275794 0.3128 540
1758046278064 0.29 550
1758046280355 0.3169 560
1758046282635 0.2676 570
1758046284969 0.2851 580
1758046287686 0.2767 590
1758046289955 0.2505 600
1758046292250 0.236 610
1758046294522 0.2835 620
1758046296793 0.2763 630
1758046299459 0.2836 640
1758046301730 0.2489 650
1758046303978 0.23 660
1758046306256 0.2329 670
1758046308520 0.2689 680
1758046311090 0.2494 690
1758046313456 0.2456 700
1758046315722 0.2283 710
1758046318001 0.2357 720
1758046320265 0.229 730
1758046322747 0.2354 740
1758046325204 0.2396 750
1758046327470 0.2247 760
1758046329738 0.2283 770
1758046331992 0.2107 780
1758046334423 0.2266 790
1758046336943 0.2387 800
1758046793503 1.8942 10
1758046795769 1.3684 20
1758046798042 1.3089 30
1758046800350 0.8271 40
1758046803030 0.7018 50
1758046805323 0.9634 60
1758046807586 0.7993 70
1758046809848 0.5845 80
1758046812120 0.5616 90
1758046814745 0.5523 100
1758046817022 0.4464 110
1758046819306 0.4872 120
1758046821618 0.4675 130
