1758046852457 2.0 10
1758046854731 4.0 20
1758046857027 6.0 30
1758046859490 8.0 40
1758046862061 10.0 50
1758046864345 12.0 60
1758046866624 14.0 70
1758046868916 16.0 80
1758046871360 18.0 90
1758046873951 20.0 100
1758046876249 22.0 110
1758046878511 24.0 120
1758046880793 26.0 130
1758046883105 28.0 140
1758046885798 30.0 150
1758046888084 32.0 160
1758046890812 34.0 170
1758046893097 36.0 180
1758046895439 38.0 190
1758046898103 40.0 200
1758046900381 42.0 210
1758046902684 44.0 220
1758046904996 46.0 230
1758046907297 48.0 240
1758046909982 50.0 250
1758046912274 52.0 260
1758046914553 54.0 270
1758046916834 56.0 280
1758046919139 58.0 290
1758046921874 60.0 300
1758046924151 62.0 310
1758046926429 64.0 320
1758046928711 66.0 330
1758046930992 68.0 340
1758046933678 70.0 350
1758046935964 72.0 360
1758046938233 74.0 370
1758046940526 76.0 380
1758046942796 78.0 390
1758046945418 80.0 400
1758046947774 82.0 410
1758046950066 84.0 420
1758046952367 86.0 430
1758046954655 88.0 440
1758046957203 90.0 450
1758046959647 92.0 460
1758046961931 94.0 470
1758046964255 96.0 480
1758046966574 98.0 490
1758046969089 100.0 500
1758046971544 102.0 510
1758046973858 104.0 520
1758046976137 106.0 530
1758046978398 108.0 540
1758046980880 110.0 550
1758046983391 112.0 560
1758046985686 114.0 570
1758046987966 116.0 580
1758046990254 118.0 590
1758046992649 120.0 600
1758046995408 122.0 610
1758046997692 124.0 620
1758046999989 126.0 630
1758047002262 128.0 640
1758047004526 130.0 650
1758047007213 132.0 660
1758047009489 134.0 670
1758047011778 136.0 680
1758047014058 138.0 690
1758047016336 140.0 700
1758047018994 142.0 710
1758047021276 144.0 720
1758047023550 146.0 730
1758047025836 148.0 740
1758047028125 150.0 750
1758047030721 152.0 760
1758047033102 154.0 770
1758047035374 156.0 780
1758047037639 158.0 790
1758047039936 160.0 800
1758047039953 160.0 800
