1758046852457 53.57595443725586 10
1758046854731 96.78648376464844 20
1758046857027 46.9049186706543 30
1758046859490 54.07856369018555 40
1758046862061 66.26747131347656 50
1758046864345 53.85044860839844 60
1758046866624 61.843116760253906 70
1758046868916 70.8471450805664 80
1758046871360 49.952022552490234 90
1758046873951 64.09031677246094 100
1758046876249 54.11885070800781 110
1758046878511 213.85302734375 120
1758046880793 46.21186447143555 130
1758046883105 56.1938362121582 140
1758046885798 55.684322357177734 150
1758046888084 100.37910461425781 160
1758046890812 53.0670166015625 170
1758046893097 48.33778381347656 180
1758046895439 45.378082275390625 190
1758046898103 126.17750549316406 200
1758046900381 81.67079162597656 210
1758046902684 142.4132843017578 220
1758046904996 53.22664260864258 230
1758046907297 222.65284729003906 240
1758046909982 96.49360656738281 250
1758046912274 120.88285064697266 260
1758046914553 64.22686004638672 270
1758046916834 71.1310043334961 280
1758046919139 131.18331909179688 290
1758046921874 53.81479263305664 300
1758046924151 67.94168853759766 310
1758046926429 70.79825592041016 320
1758046928711 130.70399475097656 330
1758046930992 69.1287841796875 340
1758046933678 95.61952209472656 350
1758046935964 137.47158813476562 360
1758046938233 49.252010345458984 370
1758046940526 36.3099250793457 380
1758046942796 48.19741439819336 390
1758046945418 111.44380187988281 400
1758046947774 96.35784912109375 410
1758046950066 53.291358947753906 420
1758046952367 137.94580078125 430
1758046954655 231.62655639648438 440
1758046957203 65.707763671875 450
1758046959647 53.65532684326172 460
1758046961931 241.6570587158203 470
1758046964255 115.26092529296875 480
1758046966574 83.17308044433594 490
1758046969089 67.775634765625 500
1758046971544 114.22515869140625 510
1758046973858 35.87153244018555 520
1758046976137 80.00697326660156 530
1758046978398 81.37244415283203 540
1758046980880 124.0917739868164 550
1758046983391 236.88760375976562 560
1758046985686 113.16592407226562 570
1758046987966 69.7793960571289 580
1758046990254 36.791500091552734 590
1758046992649 82.15507507324219 600
1758046995408 113.51213836669922 610
1758046997692 50.43247985839844 620
1758046999989 45.74737548828125 630
1758047002262 66.38373565673828 640
1758047004526 245.38992309570312 650
1758047007213 141.20152282714844 660
1758047009489 139.69444274902344 670
1758047011778 47.47856903076172 680
1758047014058 124.06808471679688 690
1758047016336 71.08501434326172 700
1758047018994 70.846923828125 710
1758047021276 66.96073150634766 720
1758047023550 50.482383728027344 730
1758047025836 72.27332305908203 740
1758047028125 143.0419464111328 750
1758047030721 141.30702209472656 760
1758047033102 61.74272918701172 770
1758047035374 62.18840026855469 780
1758047037639 144.37802124023438 790
1758047039936 72.61481475830078 800
