1758046852457 2.9662500000000003e-05 10
1758046854731 2.92875e-05 20
1758046857027 2.89125e-05 30
1758046859490 2.8537500000000002e-05 40
1758046862061 2.81625e-05 50
1758046864345 2.77875e-05 60
1758046866624 2.74125e-05 70
1758046868916 2.70375e-05 80
1758046871360 2.66625e-05 90
1758046873951 2.62875e-05 100
1758046876249 2.59125e-05 110
1758046878511 2.55375e-05 120
1758046880793 2.5162500000000002e-05 130
1758046883105 2.4787500000000003e-05 140
1758046885798 2.44125e-05 150
1758046888084 2.40375e-05 160
1758046890812 2.36625e-05 170
1758046893097 2.32875e-05 180
1758046895439 2.29125e-05 190
1758046898103 2.25375e-05 200
1758046900381 2.21625e-05 210
1758046902684 2.1787499999999998e-05 220
1758046904996 2.1412500000000002e-05 230
1758046907297 2.1037500000000003e-05 240
1758046909982 2.06625e-05 250
1758046912274 2.0287500000000002e-05 260
1758046914553 1.99125e-05 270
1758046916834 1.95375e-05 280
1758046919139 1.91625e-05 290
1758046921874 1.87875e-05 300
1758046924151 1.84125e-05 310
1758046926429 1.8037499999999998e-05 320
1758046928711 1.76625e-05 330
1758046930992 1.72875e-05 340
1758046933678 1.69125e-05 350
1758046935964 1.6537500000000002e-05 360
1758046938233 1.61625e-05 370
1758046940526 1.57875e-05 380
1758046942796 1.5412500000000002e-05 390
1758046945418 1.50375e-05 400
1758046947774 1.46625e-05 410
1758046950066 1.42875e-05 420
1758046952367 1.3912500000000001e-05 430
1758046954655 1.35375e-05 440
1758046957203 1.31625e-05 450
1758046959647 1.27875e-05 460
1758046961931 1.24125e-05 470
1758046964255 1.20375e-05 480
1758046966574 1.16625e-05 490
1758046969089 1.12875e-05 500
1758046971544 1.0912500000000001e-05 510
1758046973858 1.05375e-05 520
1758046976137 1.01625e-05 530
1758046978398 9.787499999999999e-06 540
1758046980880 9.4125e-06 550
1758046983391 9.037500000000001e-06 560
1758046985686 8.6625e-06 570
1758046987966 8.2875e-06 580
1758046990254 7.9125e-06 590
1758046992649 7.537499999999999e-06 600
1758046995408 7.1625e-06 610
1758046997692 6.787500000000001e-06 620
1758046999989 6.4125e-06 630
1758047002262 6.0375e-06 640
1758047004526 5.6625e-06 650
1758047007213 5.2875e-06 660
1758047009489 4.9125e-06 670
1758047011778 4.5375e-06 680
1758047014058 4.1625e-06 690
1758047016336 3.7875e-06 700
1758047018994 3.4125000000000004e-06 710
1758047021276 3.0375e-06 720
1758047023550 2.6625e-06 730
1758047025836 2.2875e-06 740
1758047028125 1.9125e-06 750
1758047030721 1.5374999999999999e-06 760
1758047033102 1.1625e-06 770
1758047035374 7.875e-07 780
1758047037639 4.125e-07 790
1758047039936 3.7500000000000005e-08 800
