1758046852457 1.6189 10
1758046854731 1.1055 20
1758046857027 0.8606 30
1758046859490 0.699 40
1758046862061 0.6925 50
1758046864345 0.7382 60
1758046866624 0.5185 70
1758046868916 0.6096 80
1758046871360 0.516 90
1758046873951 0.453 100
1758046876249 0.4393 110
1758046878511 0.4697 120
1758046880793 0.4138 130
1758046883105 0.4481 140
1758046885798 0.4556 150
1758046888084 0.4113 160
1758046890812 0.511 170
1758046893097 0.3804 180
1758046895439 0.4059 190
1758046898103 0.4055 200
1758046900381 0.3469 210
1758046902684 0.3281 220
1758046904996 0.3058 230
1758046907297 0.3471 240
1758046909982 0.3632 250
1758046912274 0.3181 260
1758046914553 0.3521 270
1758046916834 0.3431 280
1758046919139 0.2922 290
1758046921874 0.2965 300
1758046924151 0.3471 310
1758046926429 0.2761 320
1758046928711 0.3263 330
1758046930992 0.3093 340
1758046933678 0.2617 350
1758046935964 0.2787 360
1758046938233 0.2713 370
1758046940526 0.2435 380
1758046942796 0.241 390
1758046945418 0.3496 400
1758046947774 0.2596 410
1758046950066 0.2725 420
1758046952367 0.2434 430
1758046954655 0.237 440
1758046957203 0.2528 450
1758046959647 0.1898 460
1758046961931 0.2411 470
1758046964255 0.1995 480
1758046966574 0.1865 490
1758046969089 0.2061 500
1758046971544 0.207 510
1758046973858 0.2521 520
1758046976137 0.2366 530
1758046978398 0.2242 540
1758046980880 0.2062 550
1758046983391 0.1671 560
1758046985686 0.1492 570
1758046987966 0.1938 580
1758046990254 0.1665 590
1758046992649 0.1475 600
1758046995408 0.1706 610
1758046997692 0.1522 620
1758046999989 0.156 630
1758047002262 0.1972 640
1758047004526 0.168 650
1758047007213 0.1594 660
1758047009489 0.1896 670
1758047011778 0.1601 680
1758047014058 0.1538 690
1758047016336 0.1459 700
1758047018994 0.1548 710
1758047021276 0.1736 720
1758047023550 0.1436 730
1758047025836 0.155 740
1758047028125 0.1507 750
1758047030721 0.1582 760
1758047033102 0.162 770
1758047035374 0.1322 780
1758047037639 0.1273 790
1758047039936 0.1408 800
