1758051304511 1.0 32
1758051376743 2.0 64
1758051448391 3.0 96
1758051474197 3.125 100
1758051529862 4.0 128
1758051604362 5.0 160
1758051673946 6.0 192
1758051701458 6.25 200
1758051747940 7.0 224
1758051817190 8.0 256
1758051888697 9.0 288
1758051927309 9.375 300
1758051966635 10.0 320
1758052045604 11.0 352
1758052120550 12.0 384
1758052158980 12.5 400
1758052191439 13.0 416
1758052261903 14.0 448
1758052329433 15.0 480
1758052374296 15.625 500
1758052399530 16.0 512
1758052473659 17.0 544
1758052541011 18.0 576
1758052592248 18.75 600
1758052610084 19.0 608
1758052675448 20.0 640
1758052749229 21.0 672
1758052806654 21.875 700
1758052817426 22.0 704
1758052889958 23.0 736
1758052970524 24.0 768
1758053039576 25.0 800
1758053044084 25.0 800
1758053113168 26.0 832
1758053190967 27.0 864
1758053267897 28.0 896
1758053283442 28.125 900
1758053341058 29.0 928
1758053414292 30.0 960
1758053492472 31.0 992
1758053519467 31.25 1000
1758053565760 32.0 1024
1758053637617 33.0 1056
1758053709671 34.0 1088
1758053744628 34.375 1100
1758053783696 35.0 1120
1758053852715 36.0 1152
1758053925879 37.0 1184
1758053965812 37.5 1200
1758053997848 38.0 1216
1758054072704 39.0 1248
1758054150559 40.0 1280
1758054202190 40.625 1300
1758054227109 41.0 1312
1758054295196 42.0 1344
1758054369422 43.0 1376
1758054429049 43.75 1400
1758054446978 44.0 1408
1758054518916 45.0 1440
1758054591681 46.0 1472
1758054654157 46.875 1500
1758054664919 47.0 1504
1758054726969 48.0 1536
1758054797753 49.0 1568
1758054869216 50.0 1600
1758054873396 50.0 1600
1758054885665 50.0 1600
