1758051474197 51.72003936767578 100
1758051701458 36.02047348022461 200
1758051927309 35.78661346435547 300
1758052158980 43.15757369995117 400
1758052374296 37.9217529296875 500
1758052592248 37.05170822143555 600
1758052806654 20.545989990234375 700
1758053039576 53.44837951660156 800
1758053283442 32.32468795776367 900
1758053519467 18.55364227294922 1000
1758053744628 38.31267547607422 1100
1758053965812 28.173830032348633 1200
1758054202190 21.879497528076172 1300
1758054429049 62.4257698059082 1400
1758054654157 29.381372451782227 1500
1758054869216 22.311630249023438 1600
