1758051474197 2.814375e-05 100
1758051701458 2.626875e-05 200
1758051927309 2.439375e-05 300
1758052158980 2.251875e-05 400
1758052374296 2.064375e-05 500
1758052592248 1.876875e-05 600
1758052806654 1.689375e-05 700
1758053039576 1.5018749999999999e-05 800
1758053283442 1.314375e-05 900
1758053519467 1.126875e-05 1000
1758053744628 9.39375e-06 1100
1758053965812 7.51875e-06 1200
1758054202190 5.64375e-06 1300
1758054429049 3.7687499999999997e-06 1400
1758054654157 1.89375e-06 1500
1758054869216 1.8750000000000002e-08 1600
