1758039762308 0.9259259259259259 50
1758039776027 1.0 54
1758039835378 1.8518518518518519 100
1758039852574 2.0 108
1758039912406 2.7777777777777777 150
1758039933575 3.0 162
1758039993625 3.7037037037037037 200
1758040019978 4.0 216
1758040081640 4.62962962962963 250
1758040109893 5.0 270
1758040172020 5.555555555555555 300
1758040205482 6.0 324
1758040262488 6.481481481481482 350
1758040299602 7.0 378
1758040345766 7.407407407407407 400
1758040388204 8.0 432
1758040434398 8.333333333333334 450
1758040484764 9.0 486
1758040527507 9.25925925925926 500
1758040582485 10.0 540
1758040619610 10.185185185185185 550
1758040670851 11.0 594
1758040706735 11.11111111111111 600
1758040761352 12.0 648
1758040789282 12.037037037037036 650
1758040840177 12.962962962962964 700
1758040852041 13.0 702
1758040930703 13.88888888888889 750
1758040947917 14.0 756
1758041029299 14.814814814814815 800
1758041049609 15.0 810
1758041116666 15.74074074074074 850
1758041139793 16.0 864
1758041198336 16.666666666666668 900
1758041224846 17.0 918
1758041289350 17.59259259259259 950
1758041322130 18.0 972
1758041376083 18.51851851851852 1000
1758041410424 19.0 1026
1758041458518 19.444444444444443 1050
1758041496169 20.0 1080
1758041547629 20.37037037037037 1100
1758041594546 21.0 1134
1758041638083 21.296296296296298 1150
1758041683968 22.0 1188
1758041727037 22.22222222222222 1200
1758041775550 23.0 1242
1758041805518 23.14814814814815 1250
1758041866783 24.0 1296
1758041894527 24.074074074074073 1300
1758041941920 25.0 1350
1758041953489 25.0 1350
1758042028455 25.925925925925927 1400
1758042042106 26.0 1404
1758042120250 26.85185185185185 1450
1758042138977 27.0 1458
1758042210103 27.77777777777778 1500
1758042231651 28.0 1512
1758042293046 28.703703703703702 1550
1758042317928 29.0 1566
1758042380805 29.62962962962963 1600
1758042413479 30.0 1620
1758042477233 30.555555555555557 1650
1758042510981 31.0 1674
1758042562448 31.48148148148148 1700
1758042598251 32.0 1728
