1758039762308 122.86082458496094 50
1758039835378 93.61277770996094 100
1758039912406 48.082820892333984 150
1758039993625 62.263267517089844 200
1758040081640 56.58314895629883 250
1758040172020 49.43503189086914 300
1758040262488 35.19660568237305 350
1758040345766 32.30867385864258 400
1758040434398 55.06583786010742 450
1758040527507 30.673723220825195 500
1758040619610 34.74845504760742 550
1758040706735 39.96242904663086 600
1758040789282 31.179080963134766 650
1758040840177 32.68408203125 700
1758040930703 41.52039337158203 750
1758041029299 241.0313720703125 800
1758041116666 30.945484161376953 850
1758041198336 45.9688720703125 900
1758041289350 48.526214599609375 950
1758041376083 20.908979415893555 1000
1758041458518 34.03697967529297 1050
1758041547629 46.25166320800781 1100
1758041638083 41.45143508911133 1150
1758041727037 66.86064910888672 1200
1758041805518 35.218936920166016 1250
1758041894527 23.275489807128906 1300
1758041941920 37.658870697021484 1350
1758042028455 59.02635192871094 1400
1758042120250 30.30386734008789 1450
1758042210103 74.9261474609375 1500
1758042293046 44.112060546875 1550
1758042380805 48.88156509399414 1600
1758042477233 28.75796890258789 1650
1758042562448 47.06922912597656 1700
