1758039762308 9.90925925925926e-06 50
1758039835378 9.816666666666667e-06 100
1758039912406 9.724074074074074e-06 150
1758039993625 9.631481481481483e-06 200
1758040081640 9.53888888888889e-06 250
1758040172020 9.446296296296296e-06 300
1758040262488 9.353703703703705e-06 350
1758040345766 9.261111111111112e-06 400
1758040434398 9.168518518518518e-06 450
1758040527507 9.075925925925927e-06 500
1758040619610 8.983333333333334e-06 550
1758040706735 8.890740740740742e-06 600
1758040789282 8.798148148148149e-06 650
1758040840177 8.705555555555556e-06 700
1758040930703 8.612962962962963e-06 750
1758041029299 8.52037037037037e-06 800
1758041116666 8.427777777777778e-06 850
1758041198336 8.335185185185185e-06 900
1758041289350 8.242592592592593e-06 950
1758041376083 8.15e-06 1000
1758041458518 8.057407407407409e-06 1050
1758041547629 7.964814814814814e-06 1100
1758041638083 7.872222222222223e-06 1150
1758041727037 7.77962962962963e-06 1200
1758041805518 7.687037037037038e-06 1250
1758041894527 7.594444444444445e-06 1300
1758041941920 7.501851851851853e-06 1350
1758042028455 7.409259259259259e-06 1400
1758042120250 7.316666666666667e-06 1450
1758042210103 7.2240740740740745e-06 1500
1758042293046 7.131481481481483e-06 1550
1758042380805 7.03888888888889e-06 1600
1758042477233 6.946296296296296e-06 1650
1758042562448 6.8537037037037045e-06 1700
