1758039762308 1.1309 50
1758039835378 0.872 100
1758039912406 0.8071 150
1758039993625 0.7226 200
1758040081640 0.7181 250
1758040172020 0.6708 300
1758040262488 0.7472 350
1758040345766 0.6125 400
1758040434398 0.6429 450
1758040527507 0.6212 500
1758040619610 0.5881 550
1758040706735 0.5702 600
1758040789282 0.5561 650
1758040840177 0.5389 700
1758040930703 0.5137 750
1758041029299 0.5297 800
1758041116666 0.5159 850
1758041198336 0.46 900
1758041289350 0.4608 950
1758041376083 0.4401 1000
1758041458518 0.4362 1050
1758041547629 0.4274 1100
1758041638083 0.4616 1150
1758041727037 0.397 1200
1758041805518 0.4159 1250
1758041894527 0.3992 1300
1758041941920 0.4197 1350
1758042028455 0.4085 1400
1758042120250 0.3489 1450
1758042210103 0.35 1500
1758042293046 0.3354 1550
1758042380805 0.317 1600
1758042477233 0.3323 1650
1758042562448 0.3138 1700
