1758048325805 2.0 10
1758048328085 4.0 20
1758048330685 6.0 30
1758048332914 8.0 40
1758048335142 10.0 50
1758048337394 12.0 60
1758048339625 14.0 70
1758048342226 16.0 80
1758048344463 18.0 90
1758048346697 20.0 100
1758048348907 22.0 110
1758048351145 24.0 120
1758048353609 26.0 130
1758048356005 28.0 140
1758048358253 30.0 150
1758048360469 32.0 160
1758048362703 34.0 170
1758048365022 36.0 180
1758048367935 38.0 190
1758048371409 40.0 200
1758048373810 42.0 210
1758048376217 44.0 220
1758048380353 46.0 230
1758048385040 48.0 240
1758048388363 50.0 250
1758048390760 52.0 260
1758048393201 54.0 270
1758048395434 56.0 280
1758048397685 58.0 290
1758048399948 60.0 300
1758048402282 62.0 310
1758048404896 64.0 320
1758048407111 66.0 330
1758048409357 68.0 340
1758048411591 70.0 350
1758048413846 72.0 360
1758048416465 74.0 370
1758048418686 76.0 380
1758048420928 78.0 390
1758048423178 80.0 400
1758048425404 82.0 410
1758048427886 84.0 420
1758048430276 86.0 430
1758048432506 88.0 440
1758048434743 90.0 450
1758048436953 92.0 460
1758048439297 94.0 470
1758048441791 96.0 480
1758048444028 98.0 490
1758048446270 100.0 500
1758048448477 102.0 510
1758048450721 104.0 520
1758048453367 106.0 530
1758048455607 108.0 540
1758048457827 110.0 550
1758048460069 112.0 560
1758048462277 114.0 570
1758048464906 116.0 580
1758048467164 118.0 590
1758048469391 120.0 600
1758048471624 122.0 610
1758048473843 124.0 620
1758048476231 126.0 630
1758048478662 128.0 640
1758048480875 130.0 650
1758048483085 132.0 660
1758048485310 134.0 670
1758048490917 136.0 680
1758048493156 138.0 690
1758048495384 140.0 700
1758048497598 142.0 710
1758048499826 144.0 720
1758048502453 146.0 730
1758048504692 148.0 740
1758048506915 150.0 750
1758048509123 152.0 760
1758048511334 154.0 770
1758048513829 156.0 780
1758048516168 158.0 790
1758048518376 160.0 800
1758048518397 160.0 800
