1758048325805 nan 10
1758048328085 92.57816314697266 20
1758048330685 100.004150390625 30
1758048332914 174.2945556640625 40
1758048335142 93.43814086914062 50
1758048337394 60.259273529052734 60
1758048339625 56.49613571166992 70
1758048342226 92.63346862792969 80
1758048344463 36.50486755371094 90
1758048346697 53.40489959716797 100
1758048348907 166.25942993164062 110
1758048351145 54.982261657714844 120
1758048353609 125.67155456542969 130
1758048356005 48.80058288574219 140
1758048358253 60.838462829589844 150
1758048360469 52.617271423339844 160
1758048362703 155.05252075195312 170
1758048365022 94.5963134765625 180
1758048367935 43.05425262451172 190
1758048371409 40.70119857788086 200
1758048373810 73.9935073852539 210
1758048376217 85.23690032958984 220
1758048380353 164.96058654785156 230
1758048385040 193.72496032714844 240
1758048388363 51.298377990722656 250
1758048390760 100.88783264160156 260
1758048393201 88.75833892822266 270
1758048395434 56.11943435668945 280
1758048397685 39.719852447509766 290
1758048399948 178.26235961914062 300
1758048402282 56.08424758911133 310
1758048404896 55.460906982421875 320
1758048407111 39.412818908691406 330
1758048409357 156.75729370117188 340
1758048411591 93.18769073486328 350
1758048413846 87.34033203125 360
1758048416465 43.74974822998047 370
1758048418686 55.67588806152344 380
1758048420928 40.646217346191406 390
1758048423178 42.670875549316406 400
1758048425404 50.25967025756836 410
1758048427886 165.85531616210938 420
1758048430276 47.31421661376953 430
1758048432506 54.12453079223633 440
1758048434743 129.3269500732422 450
1758048436953 156.96978759765625 460
1758048439297 186.36544799804688 470
1758048441791 42.885597229003906 480
1758048444028 89.72449493408203 490
1758048446270 87.80579376220703 500
1758048448477 124.71156311035156 510
1758048450721 57.37525177001953 520
1758048453367 166.8354949951172 530
1758048455607 56.58430099487305 540
1758048457827 42.47886276245117 550
1758048460069 59.92865753173828 560
1758048462277 126.56230163574219 570
1758048464906 57.025264739990234 580
1758048467164 55.39179229736328 590
1758048469391 55.31198501586914 600
1758048471624 40.48747253417969 610
1758048473843 53.823951721191406 620
1758048476231 91.279296875 630
1758048478662 98.77735900878906 640
1758048480875 57.89620590209961 650
1758048483085 51.26526641845703 660
1758048485310 71.9720230102539 670
1758048490917 120.7634048461914 680
1758048493156 39.77372741699219 690
1758048495384 56.062232971191406 700
1758048497598 55.63299560546875 710
1758048499826 87.11759948730469 720
1758048502453 53.57626724243164 730
1758048504692 56.26009750366211 740
1758048506915 43.3258056640625 750
1758048509123 98.96389770507812 760
1758048511334 56.88315200805664 770
1758048513829 43.5041618347168 780
1758048516168 41.807952880859375 790
1758048518376 160.64920043945312 800
