1758048325805 2.9662500000000003e-05 10
1758048328085 2.92875e-05 20
1758048330685 2.89125e-05 30
1758048332914 2.8537500000000002e-05 40
1758048335142 2.81625e-05 50
1758048337394 2.77875e-05 60
1758048339625 2.74125e-05 70
1758048342226 2.70375e-05 80
1758048344463 2.66625e-05 90
1758048346697 2.62875e-05 100
1758048348907 2.59125e-05 110
1758048351145 2.55375e-05 120
1758048353609 2.5162500000000002e-05 130
1758048356005 2.4787500000000003e-05 140
1758048358253 2.44125e-05 150
1758048360469 2.40375e-05 160
1758048362703 2.36625e-05 170
1758048365022 2.32875e-05 180
1758048367935 2.29125e-05 190
1758048371409 2.25375e-05 200
1758048373810 2.21625e-05 210
1758048376217 2.1787499999999998e-05 220
1758048380353 2.1412500000000002e-05 230
1758048385040 2.1037500000000003e-05 240
1758048388363 2.06625e-05 250
1758048390760 2.0287500000000002e-05 260
1758048393201 1.99125e-05 270
1758048395434 1.95375e-05 280
1758048397685 1.91625e-05 290
1758048399948 1.87875e-05 300
1758048402282 1.84125e-05 310
1758048404896 1.8037499999999998e-05 320
1758048407111 1.76625e-05 330
1758048409357 1.72875e-05 340
1758048411591 1.69125e-05 350
1758048413846 1.6537500000000002e-05 360
1758048416465 1.61625e-05 370
1758048418686 1.57875e-05 380
1758048420928 1.5412500000000002e-05 390
1758048423178 1.50375e-05 400
1758048425404 1.46625e-05 410
1758048427886 1.42875e-05 420
1758048430276 1.3912500000000001e-05 430
1758048432506 1.35375e-05 440
1758048434743 1.31625e-05 450
1758048436953 1.27875e-05 460
1758048439297 1.24125e-05 470
1758048441791 1.20375e-05 480
1758048444028 1.16625e-05 490
1758048446270 1.12875e-05 500
1758048448477 1.0912500000000001e-05 510
1758048450721 1.05375e-05 520
1758048453367 1.01625e-05 530
1758048455607 9.787499999999999e-06 540
1758048457827 9.4125e-06 550
1758048460069 9.037500000000001e-06 560
1758048462277 8.6625e-06 570
1758048464906 8.2875e-06 580
1758048467164 7.9125e-06 590
1758048469391 7.537499999999999e-06 600
1758048471624 7.1625e-06 610
1758048473843 6.787500000000001e-06 620
1758048476231 6.4125e-06 630
1758048478662 6.0375e-06 640
1758048480875 5.6625e-06 650
1758048483085 5.2875e-06 660
1758048485310 4.9125e-06 670
1758048490917 4.5375e-06 680
1758048493156 4.1625e-06 690
1758048495384 3.7875e-06 700
1758048497598 3.4125000000000004e-06 710
1758048499826 3.0375e-06 720
1758048502453 2.6625e-06 730
1758048504692 2.2875e-06 740
1758048506915 1.9125e-06 750
1758048509123 1.5374999999999999e-06 760
1758048511334 1.1625e-06 770
1758048513829 7.875e-07 780
1758048516168 4.125e-07 790
1758048518376 3.7500000000000005e-08 800
