1758048325805 1.0947 10
1758048328085 0.8588 20
1758048330685 0.8153 30
1758048332914 0.6139 40
1758048335142 0.6724 50
1758048337394 0.7101 60
1758048339625 0.6562 70
1758048342226 0.642 80
1758048344463 0.5983 90
1758048346697 0.4671 100
1758048348907 0.4293 110
1758048351145 0.4558 120
1758048353609 0.4526 130
1758048356005 0.4129 140
1758048358253 0.3831 150
1758048360469 0.4083 160
1758048362703 0.3827 170
1758048365022 0.36 180
1758048367935 0.4112 190
1758048371409 0.3615 200
1758048373810 0.2796 210
1758048376217 0.3184 220
1758048380353 0.2955 230
1758048385040 0.2615 240
1758048388363 0.2887 250
1758048390760 0.283 260
1758048393201 0.263 270
1758048395434 0.2124 280
1758048397685 0.3052 290
1758048399948 0.2632 300
1758048402282 0.2345 310
1758048404896 0.202 320
1758048407111 0.2457 330
1758048409357 0.2414 340
1758048411591 0.1984 350
1758048413846 0.2229 360
1758048416465 0.1978 370
1758048418686 0.1783 380
1758048420928 0.1879 390
1758048423178 0.2292 400
1758048425404 0.2301 410
1758048427886 0.1955 420
1758048430276 0.1969 430
1758048432506 0.2181 440
1758048434743 0.2281 450
1758048436953 0.2034 460
1758048439297 0.2279 470
1758048441791 0.1724 480
1758048444028 0.1913 490
1758048446270 0.1781 500
1758048448477 0.202 510
1758048450721 0.1984 520
1758048453367 0.1892 530
1758048455607 0.1794 540
1758048457827 0.1911 550
1758048460069 0.178 560
1758048462277 0.1701 570
1758048464906 0.188 580
1758048467164 0.1477 590
1758048469391 0.1799 600
1758048471624 0.1971 610
1758048473843 0.1293 620
1758048476231 0.1212 630
1758048478662 0.1443 640
1758048480875 0.1315 650
1758048483085 0.1562 660
1758048485310 0.1744 670
1758048490917 0.1853 680
1758048493156 0.128 690
1758048495384 0.1469 700
1758048497598 0.1298 710
1758048499826 0.1238 720
1758048502453 0.1427 730
1758048504692 0.1444 740
1758048506915 0.1286 750
1758048509123 0.1406 760
1758048511334 0.1376 770
1758048513829 0.1185 780
1758048516168 0.1435 790
1758048518376 0.1181 800
